0 -14.478682518
1 -14.2571950128
2 -14.0870090425
3 -13.950212053
4 -13.8218671638
5 -13.6639336507
6 -13.447550577
7 -13.1784543455
8 -12.9013093824
9 -12.6733632754
10 -12.60637466
11 -12.7504285586
12 -13.1219664198
13 -13.183280481
14 -12.684890926
15 -11.6923066402
16 -10.6865626808
17 -9.76176920711
18 -8.91119607427
19 -8.07441629255
20 -7.24684541959
21 -6.43004370366
22 -5.64186682815
23 -4.89506043547
24 -4.20151484623
25 -3.55996427472
26 -2.96297071285
27 -2.40190575149
28 -1.92295060088
29 -1.59959366294
30 -1.36478034498
31 -1.02396778019
32 -0.600125744428
33 -0.038731234911
34 0.551860181409
35 0.826006075673
36 0.596738423107
37 0.18923800981
38 -0.309816565086
39 -0.905527035082
40 -1.63145556807
41 -2.46520731349
42 -2.82829884363
43 -3.04873603179
44 -3.18842638425
45 -3.25445967154
46 -3.27391561715
47 -3.27326048219
48 -3.28764105549
49 -3.33104460514
50 -3.35410291869
51 -3.29600263646
52 -3.11281535521
53 -2.9659807943
54 -3.00495832599
55 -3.25472803968
56 -3.87262492464
57 -4.46247472463
58 -5.11664815562
59 -5.85965653604
60 -6.69573324974
61 -7.33811319492
62 -7.65627548182
63 -8.02547593509
64 -8.34993339167
65 -8.49874919304
66 -8.53894981098
67 -8.64671576517
68 -8.9158554131
69 -9.407786767
70 -10.0808275525
71 -10.7953459426
72 -11.4445758276
73 -12.0789957601
74 -12.7622988139
75 -13.2442206698
76 -13.8192315927
77 -14.732728746
78 -15.6404866445
79 -16.4005701447
80 -16.9435766835
81 -17.2645886082
82 -17.3975844744
83 -17.5273829384
84 -17.7269678726
85 -17.8722113432
86 -17.9480739207
87 -18.040016922
88 -18.1983298336
89 -18.495308901
90 -19.0310198656
91 -20.1963123178
92 -21.2040261087
93 -21.6857906224
94 -21.8847112791
95 -22.0350629927
96 -22.3240258005
97 -22.6551614131
98 -22.9140388431
99 -23.045753196
100 -22.8472560626
101 -22.3576732477
102 -21.7101743425
103 -20.9175587567
104 -19.9342851849
105 -18.7702714805
106 -17.554371535
107 -16.5015566294
108 -15.7759824579
109 -15.3875636132
110 -15.1551724745
111 -15.0254600336
112 -14.6355562643
113 -13.6901184044
114 -14.5247483759
115 -16.005236051
116 -17.2209327698
117 -18.0012943808
118 -18.508001488
119 -18.8177948486
120 -18.8989134048
121 -18.5320847434
122 -17.6009125776
123 -16.4023972367
124 -15.9584936348
125 -16.4615378598
126 -16.8863768215
127 -16.8039335305
128 -16.5108266961
129 -16.0990325209
130 -15.6699276878
131 -15.2847425195
132 -14.9508897235
133 -14.7089661706
134 -14.5508360045
135 -14.460034493
136 -14.6210996286
137 -14.8038086674
138 -14.6258724133
139 -13.4473832071
140 -13.7030375105
141 -13.9012439832
142 -13.9795613134
143 -13.9297110015
144 -13.8068461831
145 -13.6160343512
146 -13.0474652915
147 -12.2818543463
148 -11.548735143
149 -10.9062507035
150 -10.3820354318
151 -9.97676288532
152 -9.64786336806
153 -9.36449918643
154 -9.18558750978
155 -9.39542245813
156 -9.61253719402
157 -9.71589340929
158 -9.71724958009
159 -9.64229077498
160 -9.46556249553
161 -9.33955318086
162 -9.3417076954
163 -9.52925111806
164 -9.78741449689
165 -10.0709666989
166 -10.5780992094
167 -11.1662529158
168 -11.6668953986
169 -12.0783487332
170 -12.4335002886
171 -12.7683414425
172 -13.188220132
173 -13.8098204852
174 -14.4421358602
175 -15.2019384892
176 -15.688879998
177 -15.482248548
178 -15.0877191328
179 -15.062532779
180 -15.1589136415
181 -15.180340621
182 -15.0871580248
183 -14.8713273568
184 -14.5430277471
185 -13.7561236677
186 -13.8920735443
187 -14.3826555378
188 -14.290761592
189 -13.7379486574
190 -12.9027775168
191 -12.1411661121
192 -10.9389492276
193 -9.26706572515
194 -7.88881964182
195 -9.87955789697
196 -10.285131596
197 -9.91891154537
198 -9.45445818198
199 -9.24807817294
200 -9.20991933955
201 -9.24979562014
202 -9.30840251637
203 -9.43496076397
204 -9.72831057044
205 -9.84155102877
206 -9.75928051518
207 -9.89310710033
208 -10.2573299927
209 -10.5505577617
210 -10.7285010767
211 -10.8063043617
212 -10.4917725218
213 -10.4724139925
214 -10.7832751188
215 -11.1138370134
216 -11.6177252712
217 -12.3643786141
218 -11.7206307186
219 -11.4006137739
220 -11.4318460927
221 -11.7595090045
222 -11.7706372996
223 -11.8484541294
224 -12.237272412
225 -12.6889288349
226 -12.550482236
227 -11.415255895
228 -10.4956927183
229 -10.2780197728
230 -10.2015280156
231 -10.0677369429
232 -10.1758099459
233 -10.2955288057
234 -10.7484898451
235 -10.3457752384
236 -10.4471031529
237 -10.6637660514
238 -9.55781423704
239 -8.92336691148
240 -8.75877720035
241 -8.66744888488
242 -8.28849073586
243 -7.42826007794
244 -5.95893056849
245 -3.84317543686
246 -1.22238233057
247 1.5717449851
248 5.07102706149
249 9.00814268429
250 12.8040331399
251 16.2001200221
252 19.5935733983
253 22.9455810777
254 26.2023467914
255 28.8170072083
256 30.8894929944
257 32.8253822934
258 34.3764046755
259 35.8389507781
260 36.8670363694
261 37.2913207288
262 37.5975228168
263 37.5415858046
264 37.028399121
265 36.0494183791
266 34.1832568423
267 31.7698735128
268 29.534617132
269 27.794469867
270 27.1087030603
271 25.5421046789
272 23.1870181655
273 21.0390899291
274 19.9427957044
275 19.129054225
276 18.3520026926
277 16.9799474185
278 14.5291578495
279 11.4613640925
280 7.65864837692
281 4.09351524079
282 1.43011949331
283 -0.575771185104
284 -2.27201212363
285 -3.51348845684
286 -4.21259549152
287 -4.91282907299
288 -5.6481291192
289 -6.51413885337
290 -7.2631501268
291 -7.12568246647
292 -7.02208493548
293 -7.05624994346
294 -7.48272469349
295 -7.9212602614
296 -7.76367322587
297 -8.84764268976
298 -9.96026085091
299 -11.0105814422
300 -11.8108674571
301 -14.3466054146
302 -16.8110915814
303 -17.2098356319
304 -16.7341572555
305 -16.3710236055
306 -16.1562201595
307 -15.9827930599
308 -15.6023883351
309 -14.8192087841
310 -13.9171281532
311 -13.0340248081
312 -12.4787586733
313 -12.3120015331
314 -11.8423502302
315 -10.8259770786
316 -9.60702294908
317 -8.3311686896
318 -6.84680013506
319 -6.86495139408
320 -7.96387327073
321 -8.793685279
322 -9.62821498653
323 -10.4498164104
324 -11.2074489958
325 -11.4104867545
326 -10.6355734204
327 -10.0343225377
328 -11.0366353105
329 -12.1049236914
330 -12.8987126702
331 -13.4844400196
332 -13.840316469
333 -14.2256809708
334 -14.7241168525
335 -15.0452214755
336 -15.0861792633
337 -15.0463710791
338 -15.1213739378
339 -15.3424299703
340 -15.7049604107
341 -16.1251377941
342 -16.1413057204
343 -14.9021829789
344 -14.6914426972
345 -14.9669877903
346 -15.1912838631
347 -15.3147550491
348 -15.3376565508
349 -15.3182581215
350 -15.3514560411
351 -15.518768498
352 -15.8552200265
353 -16.333093335
354 -16.8289831065
355 -17.2397301487
356 -17.5615313517
357 -17.8510607224
358 -18.1731702687
359 -18.4641745322
360 -18.7270342517
361 -18.9621706779
362 -19.1553219844
363 -19.2257164315
364 -18.8036369036
365 -17.8191875625
366 -17.1146291009
367 -17.1855202053
368 -17.8463429381
369 -18.1330009388
370 -17.360688269
371 -16.6749232077
372 -16.3646283127
373 -16.1960808924
374 -16.0978554499
375 -17.0080034375
376 -18.6874481202
377 -20.4097598885
378 -21.7719473898
379 -22.685379986
380 -24.0869485625
381 -25.5814906113
382 -26.6796878045
383 -27.5014812535
384 -28.2011658216
385 -28.6492044749
386 -28.718583326
387 -28.4513625729
388 -28.0346643694
389 -27.4973043773
390 -26.7953041843
391 -25.9180859467
392 -24.9222268362
393 -23.874789373
394 -22.9694147276
395 -22.2491956074
396 -22.0699282704
397 -22.4663898655
398 -22.7137639457
399 -22.4332333315
400 -21.8692604382
401 -21.1363335638
402 -20.40435689
403 -19.7678761513
404 -19.2569767916
405 -18.8366702426
406 -18.4739288393
407 -18.1615952433
408 -17.9271274144
409 -17.8317955386
410 -17.9161151313
411 -18.2138734704
412 -18.7225362068
413 -19.4019079148
414 -20.2288997408
415 -20.9033434093
416 -21.2393408151
417 -21.3994163668
418 -21.3610015367
419 -21.2072053543
420 -21.0345928978
421 -20.8666851146
422 -20.7034403853
423 -20.5304190886
424 -20.3369727922
425 -20.126313086
426 -20.1169580581
427 -20.4747086509
427.944825377 -20.8446426392
